time,y_train,y_eval,y_eval_proba
2010-01-01,0,0,0.044629377489689925
2010-02-01,0,0,0.020846559614037405
2010-03-01,0,0,0.013119909431352132
2010-04-01,0,0,0.0370838811654398
2010-05-01,0,0,0.06344203170365278
2010-06-01,0,0,0.09858721889499278
2010-07-01,0,0,0.20092813592395295
2010-08-01,0,0,0.17574987439153086
2010-09-01,0,0,0.20475849266315804
2010-10-01,0,0,0.2729041736756035
2010-11-01,0,0,0.05385275008031639
2010-12-01,0,0,0.05311761374905447
2011-01-01,0,0,0.027160632953801018
2011-02-01,0,0,0.032682038867884546
2011-03-01,0,0,0.09855860813591037
2011-04-01,1,1,0.7119671196914804
2011-05-01,1,1,0.8841041010948733
2011-06-01,1,1,0.9084604813145665
2011-07-01,1,1,0.771196913351416
2011-08-01,1,1,0.9659999272552936
2011-09-01,1,1,0.9083898873725395
2011-10-01,1,0,0.6986462248057874
2011-11-01,0,0,0.0986907014950476
2011-12-01,0,0,0.09862185062245916
2012-01-01,0,0,0.06267719813470399
2012-02-01,0,0,0.09870250766939855
2012-03-01,0,0,0.374818525128891
2012-04-01,1,0,0.41468802815443145
2012-05-01,1,0,0.3697054843269872
2012-06-01,0,0,0.1750873635569797
2012-07-01,0,0,0.09863844438069114
2012-08-01,1,1,0.8897826119214417
2012-09-01,1,1,0.898581936318978
2012-10-01,1,1,0.8445806430599331
2012-11-01,0,0,0.06367694894730255
2012-12-01,0,0,0.0985585905658452
2013-01-01,0,0,0.02229216894481392
2013-02-01,0,0,0.02197055396637079
2013-03-01,0,0,0.029584837206747983
2013-04-01,0,0,0.018103421567122562
2013-05-01,0,0,0.02519038724897545
2013-06-01,0,0,0.021918948431426777
2013-07-01,0,0,0.03805286611006553
2013-08-01,0,0,0.09848036830839788
2013-09-01,0,0,0.031621305970602476
2013-10-01,0,0,0.09855585607400653
2013-11-01,0,0,0.027368973205312595
2013-12-01,0,0,0.02846977306014543
2014-01-01,0,0,0.027264646094680316
2014-02-01,0,0,0.09849632259154228
2014-03-01,0,0,0.03193645537877022
2014-04-01,0,0,0.02674414178414772
2014-05-01,0,0,0.03942650170633408
2014-06-01,0,0,0.05513555083664539
2014-07-01,0,0,0.02967718756022152
2014-08-01,0,0,0.09855631153770088
2014-09-01,0,0,0.0627274822857048
2014-10-01,0,0,0.0607046834216966
2014-11-01,0,0,0.013699433133751307
2014-12-01,0,0,0.012213433762415358
2015-01-01,0,0,0.018364750088250083
2015-02-01,0,0,0.03676748924084519
2015-03-01,0,0,0.04382291188601849
2015-04-01,0,0,0.09453096101382
2015-05-01,0,0,0.09871376265577124
2015-06-01,0,0,0.18063120141327602
2015-07-01,1,0,0.17393397415626674
2015-08-01,1,1,0.7745137214891664
2015-09-01,1,0,0.48544398244624104
2015-10-01,0,0,0.3036326613166185
2015-11-01,0,0,0.020765184457057127
2015-12-01,0,0,0.043931402372061355
2016-01-01,0,0,0.09847527865589098
2016-02-01,0,0,0.07539275286980214
2016-03-01,0,0,0.061154854168259616
2016-04-01,0,0,0.02865713645510454
2016-05-01,0,0,0.05212335602294383
2016-06-01,0,0,0.02067734776299294
2016-07-01,0,0,0.040562381041902004
2016-08-01,0,0,0.09854987259496324
2016-09-01,0,0,0.061489096502985265
2016-10-01,0,0,0.0549461009098507
2016-11-01,0,0,0.03272998361630607
2016-12-01,0,0,0.06166419549662339
